# k [h/Mpc]  P(k) [(Mpc/h)^3]
1.000000000000000021e-03 1.241593074869895790e+05
1.017463402747606233e-03 1.261954760127432965e+05
1.035231775930738887e-03 1.282633388160787872e+05
1.053310445370936972e-03 1.303633124828901928e+05
1.071704829896711394e-03 1.324958156777638360e+05
1.090420442967752687e-03 1.346612689923378639e+05
1.109462894327521839e-03 1.368600947853358230e+05
1.128837891684689567e-03 1.390927170140258677e+05
1.148551242423937954e-03 1.413595610568636621e+05
1.168608855346650946e-03 1.436610535270743712e+05
1.189016742441989819e-03 1.459976220769234933e+05
1.209781020688901381e-03 1.483696951924330497e+05
1.230907913889601850e-03 1.507777019782977004e+05
1.252403754535073117e-03 1.532220719327524421e+05
1.274274985703133418e-03 1.557032347121467756e+05
1.296528162989668987e-03 1.582216198849882931e+05
1.319169956473571596e-03 1.607776566752043145e+05
1.342207152716011920e-03 1.633717736943933996e+05
1.365646656794610976e-03 1.660043986628228740e+05
1.389495494373137402e-03 1.686759581189448654e+05
1.413760813807361360e-03 1.713868771172005800e+05
1.438449888287662891e-03 1.741375789138904365e+05
1.463570118019079727e-03 1.769284846408911108e+05
1.489129032439410159e-03 1.797600129670072638e+05
1.515134292476052937e-03 1.826325797467524535e+05
1.541593692842271792e-03 1.855465976563600416e+05
1.568515164373547686e-03 1.885024758168328262e+05
1.595906776404730889e-03 1.915006194038490939e+05
1.623776739188721036e-03 1.945414292443536397e+05
1.652133406357370136e-03 1.976253013996639638e+05
1.680985277425363789e-03 2.007526267349456029e+05
1.710341000337841288e-03 2.039237904749103473e+05
1.740209374062484920e-03 2.071391717456068727e+05
1.770599351226898131e-03 2.103991431021875178e+05
1.801520040802025635e-03 2.137040700425459363e+05
1.832980710832435561e-03 2.170543105067321158e+05
1.864990791214298036e-03 2.204502143620769202e+05
1.897559876521850378e-03 2.238921228739514190e+05
1.930697728883249645e-03 2.273803681621302385e+05
1.964414280906628518e-03 2.309152726427201123e+05
1.998719638657250712e-03 2.344971484556451323e+05
2.033624084686672540e-03 2.381262968776993803e+05
2.069138081114790112e-03 2.418030077211806783e+05
2.105272272765707203e-03 2.455275587181619194e+05
2.142037490358383086e-03 2.493002148904502974e+05
2.179444753752985808e-03 2.531212279053256207e+05
2.217505275253931884e-03 2.569908354171566607e+05
2.256230462970635047e-03 2.609092603950169869e+05
2.295631924236909462e-03 2.648767104364496772e+05
2.335721469090121152e-03 2.688933770675414125e+05
2.376511113811075136e-03 2.729594350294963224e+05
2.418013084525720731e-03 2.770750415519151138e+05
2.460239820869777449e-03 2.812403356130172615e+05
2.503203979717325348e-03 2.854554371870472678e+05
2.546918438974539890e-03 2.897204464791536448e+05
2.591396301439659842e-03 2.940354431480258354e+05
2.636650898730358294e-03 2.984004855166123016e+05
2.682695795279724585e-03 3.028156097712619812e+05
2.729544792402007272e-03 3.072808291496467427e+05
2.777211932429354997e-03 3.117961331178473192e+05
2.825711502920826793e-03 3.163614865370100597e+05
2.875058040944880079e-03 3.209768288199925446e+05
2.925266337436644749e-03 3.256420730784412590e+05
2.976351441631319098e-03 3.303571052607672755e+05
3.028328665574945688e-03 3.351217832814913127e+05
3.081213588714002208e-03 3.399359361424600356e+05
3.135022062565115310e-03 3.447993630464458256e+05
3.189770215466321626e-03 3.497118325036487076e+05
3.245474457411332263e-03 3.546730814316555625e+05
3.302151484968175559e-03 3.596828142493973137e+05
3.359818286283781062e-03 3.647407019656737684e+05
3.418492146175927237e-03 3.698463812628208543e+05
3.478190651314130161e-03 3.749994535761035513e+05
3.538931695490991555e-03 3.801994841694153147e+05
3.600733484985620299e-03 3.854460012078907457e+05
3.663614544020715996e-03 3.907384948280151584e+05
3.727593720314937870e-03 3.960764162058341899e+05
3.792690190732249909e-03 4.014591766238567652e+05
3.858923467029902812e-03 4.068861465372454841e+05
3.926313401706839519e-03 4.123566546398792998e+05
3.994880193954170565e-03 4.178699869308642228e+05
4.064644395709627461e-03 4.234253857820640551e+05
4.135626917817709740e-03 4.290220490072037210e+05
4.207849036297403068e-03 4.346591289330802392e+05
4.281332398719395714e-03 4.403357314734088141e+05
4.356099030694607875e-03 4.460509152057926985e+05
4.432171342476085192e-03 4.518036904523049598e+05
4.509572135676144684e-03 4.575930183641140466e+05
4.588324610100845240e-03 4.634178100105886697e+05
4.668452370703794936e-03 4.692769254732475383e+05
4.749979434661412425e-03 4.751691729449235136e+05
4.832930238571751802e-03 4.810933078344385140e+05
4.917329645779015997e-03 4.870480318770601880e+05
5.003202953826004287e-03 4.930319922509713215e+05
5.090575902036681422e-03 4.990437806999210152e+05
5.179474679231212825e-03 5.050819326621872606e+05
5.269925931575656849e-03 5.111449264059269335e+05
5.361956770568816408e-03 5.172311821709261858e+05
5.455594781168519869e-03 5.233390613167138072e+05
5.550868030059804940e-03 5.294668654769414570e+05
5.647805074067557309e-03 5.356128357198678423e+05
5.746434968715973673e-03 5.417751517147242557e+05
5.846787276937589171e-03 5.479519309036759660e+05
5.948892077934330759e-03 5.541412276790291071e+05
6.052779976193349565e-03 5.603410325652722968e+05
6.158482110660267253e-03 5.665492714054716052e+05
6.266030164072656193e-03 5.727638045514953556e+05
6.375456372456506440e-03 5.789824260574616492e+05
6.486793534788507995e-03 5.852028628757704282e+05
6.600075022827094767e-03 5.914227740550282178e+05
6.715334791115142032e-03 5.976397499391214224e+05
6.832607387157405184e-03 6.038513113666891586e+05
6.951927961775605444e-03 6.100549088701787405e+05
7.073332279644438565e-03 6.162479218737161718e+05
7.196856730011521458e-03 6.224276578889847733e+05
7.322538337604533702e-03 6.285913517083452316e+05
7.450414773728916695e-03 6.347361645944865886e+05
7.580524367559261616e-03 6.408591834659492597e+05
7.712906117627992691e-03 6.469574200779804960e+05
7.847599703514606187e-03 6.530278101983013330e+05
7.984645497739086342e-03 6.590672127775409026e+05
8.124084577862974652e-03 6.650724091143157566e+05
8.265958738801813463e-03 6.710401020151831908e+05
8.410310505352604216e-03 6.769669149500353960e+05
8.557183144940002165e-03 6.828493912038732087e+05
8.706620680585126434e-03 6.886839930263672723e+05
8.858667904100822610e-03 6.944671007811344462e+05
9.013370389517438852e-03 7.001950120973200537e+05
9.170774506742930196e-03 7.058639410267577041e+05
9.330927435461664268e-03 7.114700172108648112e+05
9.493877179275829817e-03 7.170092850623591803e+05
9.659672580093831701e-03 7.224777029680123087e+05
9.828363332770029964e-03 7.278711425198693760e+05
1.000000000000000021e-02 7.331853877838241169e+05
1.017463402747606320e-02 7.384161346159704262e+05
1.035231775930738236e-02 7.435589900390011026e+05
1.053310445370937015e-02 7.486094716928506969e+05
1.071704829896710960e-02 7.535630073760650121e+05
1.090420442967752687e-02 7.584149346967778401e+05
1.109462894327521883e-02 7.631605008549313061e+05
1.128837891684688829e-02 7.677948625803418690e+05
1.148551242423937954e-02 7.723130862544735428e+05
1.168608855346650946e-02 7.767101482473715441e+05
1.189016742441989342e-02 7.809809355050183367e+05
1.209781020688901337e-02 7.851202464265951421e+05
1.230907913889602370e-02 7.891227920755739324e+05
1.252403754535073160e-02 7.929831977733486565e+05
1.274274985703133418e-02 7.966960051291873679e+05
1.296528162989668206e-02 8.002556745656213025e+05
1.319169956473571596e-02 8.036565884039567318e+05
1.342207152716012007e-02 8.068930545803791611e+05
1.365646656794610239e-02 8.099593110690423055e+05
1.389495494373137359e-02 8.128495310945126694e+05
1.413760813807360579e-02 8.155578292219376890e+05
1.438449888287663021e-02 8.180782684191531735e+05
1.463570118019079727e-02 8.204048681905592093e+05
1.489129032439409465e-02 8.225316138877773192e+05
1.515134292476053024e-02 8.244524673067483818e+05
1.541593692842271879e-02 8.261613786847039592e+05
1.568515164373546905e-02 8.276523002132605761e+05
1.595906776404730845e-02 8.289192011853525182e+05
1.623776739188721729e-02 8.299560848935773829e+05
1.652133406357370049e-02 8.307570073954766849e+05
1.680985277425363703e-02 8.313160982569047483e+05
1.710341000337840464e-02 8.316275833775914507e+05
1.740209374062485007e-02 8.316858099928835873e+05
1.770599351226898044e-02 8.314852739320191322e+05
1.801520040802024811e-02 8.310206491957596736e+05
1.832980710832435647e-02 8.302868198943485040e+05
1.864990791214297255e-02 8.292789145601926139e+05
1.897559876521850292e-02 8.279923428181140916e+05
1.930697728883249559e-02 8.264228343591029989e+05
1.964414280906627563e-02 8.245664801211707527e+05
1.998719638657250539e-02 8.224197755330117652e+05
2.033624084686672454e-02 8.199796656228977954e+05
2.069138081114789071e-02 8.172435917366758222e+05
2.105272272765706942e-02 8.142095395457007689e+05
2.142037490358384214e-02 8.108760879583498463e+05
2.179444753752985547e-02 8.072424584787312197e+05
2.217505275253931624e-02 8.033085644844884519e+05
2.256230462970634093e-02 7.990750598237804370e+05
2.295631924236909635e-02 7.945433860615030862e+05
2.335721469090121238e-02 7.897158176388498396e+05
2.376511113811074008e-02 7.845955041507697897e+05
2.418013084525720557e-02 7.791865088955175597e+05
2.460239820869776495e-02 7.734938428122088080e+05
2.503203979717325348e-02 7.675234928988873726e+05
2.546918438974540150e-02 7.612824441982140997e+05
2.591396301439658628e-02 7.547786944530348992e+05
2.636650898730358294e-02 7.480212605724248569e+05
2.682695795279724585e-02 7.410201761122880271e+05
2.729544792402005884e-02 7.337864790645127650e+05
2.777211932429355171e-02 7.263321893659279449e+05
2.825711502920828441e-02 7.186702756821986986e+05
2.875058040944880253e-02 7.108146111913663335e+05
2.925266337436644576e-02 7.027799182841590373e+05
2.976351441631317624e-02 6.945817023099631770e+05
3.028328665574945774e-02 6.862361747235230869e+05
3.081213588714002208e-02 6.777601662219163263e+05
3.135022062565114009e-02 6.691710306973527186e+05
3.189770215466321279e-02 6.604865410608489765e+05
3.245474457411330615e-02 6.517247782067586668e+05
3.302151484968175732e-02 6.429040145798281301e+05
3.359818286283781236e-02 6.340425939667443745e+05
3.418492146175929058e-02 6.251588092550695874e+05
3.478190651314130161e-02 6.162707799774045125e+05
3.538931695490987739e-02 6.073963314818346407e+05
3.600733484985618044e-02 5.985528775374529650e+05
3.663614544020716429e-02 5.897573080939730862e+05
3.727593720314940212e-02 5.810258837672111113e+05
3.792690190732250083e-02 5.723741384199338499e+05
3.858923467029903159e-02 5.638167909546721494e+05
3.926313401706837264e-02 5.553676671382595086e+05
3.994880193954170045e-02 5.470396319457321661e+05
4.064644395709627461e-02 5.388445325539861806e+05
4.135626917817707832e-02 5.307931517450837418e+05
4.207849036297402895e-02 5.228951711079265806e+05
4.281332398719393806e-02 5.151591430686804233e+05
4.356099030694608049e-02 5.075924704484711401e+05
4.432171342476085713e-02 5.002013919552303851e+05
4.509572135676146593e-02 4.929909717783494852e+05
4.588324610100844719e-02 4.859650912827555439e+05
4.668452370703789905e-02 4.791264407048628200e+05
4.749979434661410344e-02 4.724765087474149186e+05
4.832930238571751802e-02 4.660155680630102870e+05
4.917329645779018599e-02 4.597426548154128832e+05
5.003202953826003940e-02 4.536555408204291016e+05
5.090575902036681422e-02 4.477506971994094783e+05
5.179474679231210049e-02 4.420232490317665506e+05
5.269925931575656503e-02 4.364669211694392143e+05
5.361956770568816755e-02 4.310739761743948329e+05
5.455594781168517093e-02 4.258351462547295960e+05
5.550868030059805114e-02 4.207395620957178180e+05
5.647805074067554360e-02 4.157746825928560575e+05
5.746434968715973673e-02 4.109262306702658534e+05
5.846787276937589345e-02 4.061781415751345339e+05
5.948892077934334055e-02 4.015125312302904786e+05
6.052779976193348871e-02 3.969096933411130449e+05
6.158482110660260661e-02 3.923481349118719809e+05
6.266030164072652897e-02 3.878046605353011400e+05
6.375456372456506093e-02 3.832545161657940480e+05
6.486793534788511117e-02 3.786716029447318870e+05
6.600075022827095461e-02 3.740287708806028822e+05
6.715334791115142032e-02 3.692982006603277987e+05
6.832607387157402234e-02 3.644518794565831777e+05
6.951927961775605791e-02 3.594621732014195295e+05
7.073332279644438392e-02 3.543024933685840806e+05
7.196856730011517989e-02 3.489480508642951609e+05
7.322538337604533876e-02 3.433766832788038300e+05
7.450414773728912532e-02 3.375697347207681742e+05
7.580524367559261789e-02 3.315129600909195724e+05
7.712906117627991998e-02 3.251974184283479117e+05
7.847599703514611391e-02 3.186203134785789298e+05
7.984645497739085995e-02 3.117857345738086151e+05
8.124084577862965284e-02 3.047052480076373904e+05
8.265958738801808259e-02 2.973982890223375871e+05
8.410310505352604216e-02 2.898923078772001318e+05
8.557183144940005981e-02 2.822226305819195113e+05
8.706620680585126781e-02 2.744320057917844388e+05
8.858667904100822610e-02 2.665698237085492001e+05
9.013370389517433301e-02 2.586910098138171306e+05
9.170774506742930543e-02 2.508546146630342992e+05
9.330927435461663921e-02 2.431221392388594104e+05
9.493877179275825307e-02 2.355556517873377015e+05
9.659672580093832395e-02 2.282157649915027723e+05
9.828363332770025107e-02 2.211595504762079800e+05
1.000000000000000056e-01 2.144384703193690511e+05
1.017463402747606355e-01 2.080964026650775049e+05
1.035231775930737785e-01 2.021678318606361281e+05
1.053310445370937015e-01 1.966762648333884717e+05
1.071704829896710370e-01 1.916329273330422002e+05
1.090420442967752618e-01 1.870357888877584192e+05
1.109462894327521848e-01 1.828689658786898071e+05
1.128837891684688344e-01 1.791025585812296194e+05
1.148551242423938024e-01 1.756929887544993544e+05
1.168608855346650877e-01 1.725839152788549545e+05
1.189016742441989932e-01 1.697078100201078632e+05
1.209781020688901337e-01 1.669882666827534267e+05
1.230907913889601885e-01 1.643430842306646518e+05
1.252403754535073022e-01 1.616881081961986783e+05
1.274274985703133523e-01 1.589417272918420786e+05
1.296528162989667443e-01 1.560298153035914293e+05
1.319169956473571770e-01 1.528907929767238093e+05
1.342207152716012042e-01 1.494803819229657820e+05
1.365646656794609615e-01 1.457755566958845302e+05
1.389495494373137463e-01 1.417771952117773180e+05
1.413760813807359851e-01 1.375109975711193401e+05
1.438449888287662848e-01 1.330263919574682950e+05
1.463570118019079658e-01 1.283933596931765205e+05
1.489129032439408806e-01 1.236973588732106000e+05
1.515134292476053024e-01 1.190327644313175260e+05
1.541593692842271879e-01 1.144954266844900558e+05
1.568515164373547877e-01 1.101750447743821860e+05
1.595906776404731053e-01 1.061480415856933396e+05
1.623776739188720897e-01 1.024715257924459729e+05
1.652133406357370049e-01 9.917877289674538770e+04
1.680985277425363633e-01 9.627650147547730012e+04
1.710341000337839701e-01 9.374410734865584527e+04
1.740209374062484937e-01 9.153496346849706606e+04
1.770599351226898044e-01 8.957987346567942586e+04
1.801520040802023770e-01 8.779272242900839774e+04
1.832980710832435578e-01 8.607822752110731381e+04
1.864990791214296284e-01 8.434140637838009570e+04
1.897559876521850430e-01 8.249796845882026537e+04
1.930697728883249698e-01 8.048439018640112772e+04
1.964414280906626731e-01 7.826612003261239443e+04
1.998719638657250608e-01 7.584234583650527929e+04
2.033624084686672384e-01 7.324614879140784615e+04
2.069138081114790251e-01 7.053964009026622807e+04
2.105272272765706942e-01 6.780465109563860460e+04
2.142037490358383034e-01 6.513045085008131718e+04
2.179444753752985686e-01 6.260052861662684154e+04
2.217505275253931762e-01 6.028056164686715783e+04
2.256230462970632844e-01 5.820933493372244266e+04
2.295631924236909704e-01 5.639378824363756576e+04
2.335721469090121238e-01 5.480876283725174289e+04
2.376511113811072828e-01 5.340151933680677757e+04
2.418013084525720557e-01 5.210063708688157203e+04
2.460239820869775107e-01 5.082832424839925807e+04
2.503203979717325556e-01 4.951439310336428753e+04
2.546918438974540289e-01 4.810936125753158558e+04
2.591396301439657379e-01 4.659374343517348461e+04
2.636650898730358294e-01 4.498103554285495920e+04
2.682695795279724793e-01 4.331329197935495904e+04
2.729544792402007203e-01 4.165019082493919996e+04
2.777211932429354824e-01 4.005432740146384458e+04
2.825711502920826845e-01 3.857645858250557649e+04
2.875058040944880045e-01 3.724425337045530614e+04
2.925266337436644992e-01 3.605703674084062368e+04
2.976351441631316375e-01 3.498754426343367959e+04
3.028328665574945844e-01 3.399019534555723658e+04
3.081213588714002416e-01 3.301393763007535017e+04
3.135022062565112067e-01 3.201639944227911838e+04
3.189770215466321557e-01 3.097530946786803543e+04
3.245474457411328673e-01 2.989353903852056465e+04
3.302151484968175454e-01 2.879601442183243853e+04
3.359818286283781097e-01 2.771961228491147631e+04
3.418492146175927116e-01 2.669973555883172230e+04
3.478190651314130299e-01 2.575836559067609778e+04
3.538931695490987739e-01 2.489762160275683709e+04
3.600733484985619848e-01 2.410074428326334964e+04
3.663614544020716290e-01 2.333980879485429614e+04
3.727593720314937853e-01 2.258710529542840231e+04
3.792690190732249667e-01 2.182568642091459697e+04
3.858923467029902743e-01 2.105478790558902983e+04
3.926313401706835737e-01 2.028798065383861467e+04
3.994880193954170600e-01 1.954524618819168973e+04
4.064644395709627878e-01 1.884298212526044153e+04
4.135626917817705750e-01 1.818671105753221127e+04
4.207849036297402479e-01 1.756967778140061273e+04
4.281332398719391308e-01 1.697751230720932290e+04
4.356099030694607910e-01 1.639617223504475260e+04
4.432171342476085574e-01 1.581883398815891269e+04
4.509572135676144233e-01 1.524813408482044179e+04
4.588324610100845136e-01 1.469292833313455048e+04
4.668452370703789489e-01 1.416196154817837123e+04
4.749979434661412703e-01 1.365848622804447223e+04
4.832930238571752080e-01 1.317893844403862204e+04
4.917329645779015546e-01 1.271600152114760931e+04
5.003202953826004773e-01 1.226359870392604171e+04
5.090575902036681422e-01 1.182032367083014469e+04
5.179474679231207412e-01 1.138919225404568351e+04
5.269925931575656364e-01 1.097437529004959106e+04
5.361956770568816477e-01 1.057766799393897236e+04
5.455594781168514595e-01 1.019732051483401665e+04
5.550868030059805669e-01 9.829754725307690023e+03
5.647805074067551168e-01 9.472399182637776903e+03
5.746434968715973257e-01 9.125210796859573747e+03
5.846787276937589484e-01 8.789843993852333369e+03
5.948892077934331279e-01 8.467552440719840888e+03
6.052779976193348732e-01 8.157853176032736883e+03
6.158482110660260522e-01 7.859011598814403442e+03
6.266030164072655673e-01 7.569591093972259841e+03
6.375456372456506093e-01 7.289425988933135159e+03
6.486793534788507509e-01 7.019175397105538650e+03
6.600075022827095461e-01 6.759147445102880738e+03
6.715334791115141755e-01 6.508724041933063745e+03
6.832607387157397794e-01 6.266890645610635147e+03
6.951927961775605791e-01 6.033111193482816816e+03
7.073332279644438669e-01 5.807511223473522477e+03
7.196856730011513825e-01 5.590265229163957883e+03
7.322538337604533876e-01 5.381039994991964704e+03
7.450414773728909479e-01 5.179173649848634341e+03
7.580524367559261512e-01 4.984261857467095979e+03
7.712906117627992275e-01 4.796322875676532021e+03
7.847599703514607228e-01 4.615364260826908321e+03
7.984645497739086828e-01 4.441032775640414002e+03
8.124084577862965562e-01 4.272854957741890757e+03
8.265958738801812977e-01 4.110645515618902209e+03
8.410310505352605048e-01 3.954422587397631105e+03
8.557183144940001540e-01 3.804007656607611807e+03
8.706620680585126504e-01 3.659010939948582291e+03
8.858667904100823165e-01 3.519200668148083423e+03
9.013370389517428860e-01 3.384563322723951842e+03
9.170774506742931376e-01 3.254961744595510936e+03
9.330927435461663366e-01 3.130072005966292636e+03
9.493877179275820311e-01 3.009706875398966531e+03
9.659672580093832117e-01 2.893844749601244075e+03
9.828363332770020389e-01 2.782320663018940195e+03
1.000000000000000000e+00 2.674862681744519250e+03
