# k [h/Mpc]  P(k) [(Mpc/h)^3]
1.000000000000000021e-03 1.228600472833242966e+05
1.017463402747606233e-03 1.248688440966788330e+05
1.035231775930738887e-03 1.269086369616298034e+05
1.053310445370936972e-03 1.289798213690375705e+05
1.071704829896711394e-03 1.310827942231278575e+05
1.090420442967752687e-03 1.332179536718992749e+05
1.109462894327521839e-03 1.353856989289836201e+05
1.128837891684689567e-03 1.375864300867305428e+05
1.148551242423937954e-03 1.398205479202884890e+05
1.168608855346650946e-03 1.420884536824567476e+05
1.189016742441989819e-03 1.443905488890801207e+05
1.209781020688901381e-03 1.467272350947629311e+05
1.230907913889601850e-03 1.490989136586795794e+05
1.252403754535073117e-03 1.515059855002599652e+05
1.274274985703133418e-03 1.539488508445316402e+05
1.296528162989668987e-03 1.564279089569066709e+05
1.319169956473571596e-03 1.589435578671972034e+05
1.342207152716011920e-03 1.614961940826599894e+05
1.365646656794610976e-03 1.640862122898595990e+05
1.389495494373137402e-03 1.667140050451629795e+05
1.413760813807361360e-03 1.693799624536686460e+05
1.438449888287662891e-03 1.720844718363868596e+05
1.463570118019079727e-03 1.748279173855009140e+05
1.489129032439410159e-03 1.776106798075317638e+05
1.515134292476052937e-03 1.804331359542519785e+05
1.541593692842271792e-03 1.832956584411974763e+05
1.568515164373547686e-03 1.861986152536318114e+05
1.595906776404730889e-03 1.891423693398370815e+05
1.623776739188721036e-03 1.921272781916079693e+05
1.652133406357370136e-03 1.951536934118442587e+05
1.680985277425363789e-03 1.982219602691410400e+05
1.710341000337841288e-03 2.013324172393016634e+05
1.740209374062484920e-03 2.044853955336953804e+05
1.770599351226898131e-03 2.076812186144143925e+05
1.801520040802025635e-03 2.109202016961828922e+05
1.832980710832435561e-03 2.142026512349990080e+05
1.864990791214298036e-03 2.175288644035023754e+05
1.897559876521850378e-03 2.208991285530697496e+05
1.930697728883249645e-03 2.243137206626762636e+05
1.964414280906628518e-03 2.277729067745550710e+05
1.998719638657250712e-03 2.312769414167267678e+05
2.033624084686672540e-03 2.348260670124770259e+05
2.069138081114790112e-03 2.384205132768835174e+05
2.105272272765707203e-03 2.420604966005129390e+05
2.142037490358383086e-03 2.457462194204312109e+05
2.179444753752985808e-03 2.494778695786878816e+05
2.217505275253931884e-03 2.532556196684557362e+05
2.256230462970635047e-03 2.570796263680323027e+05
2.295631924236909462e-03 2.609500297629251436e+05
2.335721469090121152e-03 2.648669526562721003e+05
2.376511113811075136e-03 2.688304998678595293e+05
2.418013084525720731e-03 2.728407575220303843e+05
2.460239820869777449e-03 2.768977923247973085e+05
2.503203979717325348e-03 2.810016508304871968e+05
2.546918438974539890e-03 2.851523586982745910e+05
2.591396301439659842e-03 2.893499199389813584e+05
2.636650898730358294e-03 2.935943161525339819e+05
2.682695795279724585e-03 2.978855057565016905e+05
2.729544792402007272e-03 3.022234232061437215e+05
2.777211932429354997e-03 3.066079782064300380e+05
2.825711502920826793e-03 3.110390549165047705e+05
2.875058040944880079e-03 3.155165111470892443e+05
2.925266337436644749e-03 3.200401775513342582e+05
2.976351441631319098e-03 3.246098568096459494e+05
3.028328665574945688e-03 3.292253228090328630e+05
3.081213588714002208e-03 3.338863198175305733e+05
3.135022062565115310e-03 3.385925616542709759e+05
3.189770215466321626e-03 3.433437308557849028e+05
3.245474457411332263e-03 3.481394778391305008e+05
3.302151484968175559e-03 3.529794200624487130e+05
3.359818286283781062e-03 3.578631411835639155e+05
3.418492146175927237e-03 3.627901902172434493e+05
3.478190651314130161e-03 3.677600806917415466e+05
3.538931695490991555e-03 3.727722898052560631e+05
3.600733484985620299e-03 3.778262575829264242e+05
3.663614544020715996e-03 3.829213860349974711e+05
3.727593720314937870e-03 3.880570383167833788e+05
3.792690190732249909e-03 3.932325378910412546e+05
3.858923467029902812e-03 3.984471676933784038e+05
3.926313401706839519e-03 4.037001693012981559e+05
3.994880193954170565e-03 4.089907421074707527e+05
4.064644395709627461e-03 4.143180424978251685e+05
4.135626917817709740e-03 4.196811830350086093e+05
4.207849036297403068e-03 4.250792316477762070e+05
4.281332398719395714e-03 4.305112108268306474e+05
4.356099030694607875e-03 4.359760968276077765e+05
4.432171342476085192e-03 4.414728188804982929e+05
4.509572135676144684e-03 4.470002584089347511e+05
4.588324610100845240e-03 4.525572482557730400e+05
4.668452370703794936e-03 4.581425719183428446e+05
4.749979434661412425e-03 4.637549627925102250e+05
4.832930238571751802e-03 4.693931034260598826e+05
4.917329645779015997e-03 4.750556247816541581e+05
5.003202953826004287e-03 4.807411055095873307e+05
5.090575902036681422e-03 4.864480712305065244e+05
5.179474679231212825e-03 4.921749938282134826e+05
5.269925931575656849e-03 4.979202907526181079e+05
5.361956770568816408e-03 5.036823243328566314e+05
5.455594781168519869e-03 5.094594011005296488e+05
5.550868030059804940e-03 5.152497711229600245e+05
5.647805074067557309e-03 5.210516273463186226e+05
5.746434968715973673e-03 5.268631049483913230e+05
5.846787276937589171e-03 5.326822807007130468e+05
5.948892077934330759e-03 5.385071723397417227e+05
6.052779976193349565e-03 5.443357379466645652e+05
6.158482110660267253e-03 5.501658753353982465e+05
6.266030164072656193e-03 5.559954214482773095e+05
6.375456372456506440e-03 5.618221517588727875e+05
6.486793534788507995e-03 5.676437796813577879e+05
6.600075022827094767e-03 5.734579559857678832e+05
6.715334791115142032e-03 5.792622682185032172e+05
6.832607387157405184e-03 5.850542401273908326e+05
6.951927961775605444e-03 5.908313310905981343e+05
7.073332279644438565e-03 5.965909355487280991e+05
7.196856730011521458e-03 6.023303824394136900e+05
7.322538337604533702e-03 6.080469346337970346e+05
7.450414773728916695e-03 6.137377883743381826e+05
7.580524367559261616e-03 6.194000727134626359e+05
7.712906117627992691e-03 6.250308489527307684e+05
7.847599703514606187e-03 6.306271100823095767e+05
7.984645497739086342e-03 6.361857802207670175e+05
8.124084577862974652e-03 6.417037140554252546e+05
8.265958738801813463e-03 6.471776962838091422e+05
8.410310505352604216e-03 6.526044410570878536e+05
8.557183144940002165e-03 6.579805914267848711e+05
8.706620680585126434e-03 6.633027187965757912e+05
8.858667904100822610e-03 6.685673223814975936e+05
9.013370389517438852e-03 6.737708286776149180e+05
9.170774506742930196e-03 6.789095909458823735e+05
9.330927435461664268e-03 6.839798887148819631e+05
9.493877179275829817e-03 6.889779273080299608e+05
9.659672580093831701e-03 6.938998374020347837e+05
9.828363332770029964e-03 6.987416746246198891e+05
1.000000000000000021e-02 7.034994192009588005e+05
1.017463402747606320e-02 7.081689756598785752e+05
1.035231775930738236e-02 7.127461726126535796e+05
1.053310445370937015e-02 7.172267626192064490e+05
1.071704829896710960e-02 7.216064221587119391e+05
1.090420442967752687e-02 7.258807517240052111e+05
1.109462894327521883e-02 7.300452760618705070e+05
1.128837891684688829e-02 7.340954445841332199e+05
1.148551242423937954e-02 7.380266319776565069e+05
1.168608855346650946e-02 7.418341390447112499e+05
1.189016742441989342e-02 7.455131938088665484e+05
1.209781020688901337e-02 7.490589529254331719e+05
1.230907913889602370e-02 7.524665034396840492e+05
1.252403754535073160e-02 7.557308649404321332e+05
1.274274985703133418e-02 7.588469921611724421e+05
1.296528162989668206e-02 7.618097780857838225e+05
1.319169956473571596e-02 7.646140576206978876e+05
1.342207152716012007e-02 7.672546119004633510e+05
1.365646656794610239e-02 7.697261732986674178e+05
1.389495494373137359e-02 7.720234312211485812e+05
1.413760813807360579e-02 7.741410387632271741e+05
1.438449888287663021e-02 7.760736203172162641e+05
1.463570118019079727e-02 7.778157802205582848e+05
1.489129032439409465e-02 7.793621125384503976e+05
1.515134292476053024e-02 7.807072120775390649e+05
1.541593692842271879e-02 7.818456867290171795e+05
1.568515164373546905e-02 7.827721712399604730e+05
1.595906776404730845e-02 7.834813425107747316e+05
1.623776739188721729e-02 7.839679365138562862e+05
1.652133406357370049e-02 7.842267669237655355e+05
1.680985277425363703e-02 7.842527455419515027e+05
1.710341000337840464e-02 7.840409045891029527e+05
1.740209374062485007e-02 7.835864209251599386e+05
1.770599351226898044e-02 7.828846422405426856e+05
1.801520040802024811e-02 7.819311152420014841e+05
1.832980710832435647e-02 7.807216158322796691e+05
1.864990791214297255e-02 7.792521812543806154e+05
1.897559876521850292e-02 7.775191441383883357e+05
1.930697728883249559e-02 7.755191683514795732e+05
1.964414280906627563e-02 7.732492865100312047e+05
1.998719638657250539e-02 7.707069389666488860e+05
2.033624084686672454e-02 7.678900140350315487e+05
2.069138081114789071e-02 7.647968891621218063e+05
2.105272272765706942e-02 7.614264727009576745e+05
2.142037490358384214e-02 7.577782458797618747e+05
2.179444753752985547e-02 7.538523045044392347e+05
2.217505275253931624e-02 7.496493998741282849e+05
2.256230462970634093e-02 7.451709783345239703e+05
2.295631924236909635e-02 7.404192188431855757e+05
2.335721469090121238e-02 7.353970678771343082e+05
2.376511113811074008e-02 7.301082709778782446e+05
2.418013084525720557e-02 7.245574002050657291e+05
2.460239820869776495e-02 7.187498767593888333e+05
2.503203979717325348e-02 7.126919880405961303e+05
2.546918438974540150e-02 7.063908984294938855e+05
2.591396301439658628e-02 6.998546531253410503e+05
2.636650898730358294e-02 6.930921744334652321e+05
2.682695795279724585e-02 6.861132499829294393e+05
2.729544792402005884e-02 6.789285124607302714e+05
2.777211932429355171e-02 6.715494105765825370e+05
2.825711502920828441e-02 6.639881711191822542e+05
2.875058040944880253e-02 6.562577521284022368e+05
2.925266337436644576e-02 6.483717873847212177e+05
2.976351441631317624e-02 6.403445226027205354e+05
3.028328665574945774e-02 6.321907439046857180e+05
3.081213588714002208e-02 6.239256993370221462e+05
3.135022062565114009e-02 6.155650143700188491e+05
3.189770215466321279e-02 6.071246024836215656e+05
3.245474457411330615e-02 5.986205720814527012e+05
3.302151484968175732e-02 5.900691310858814977e+05
3.359818286283781236e-02 5.814864906424382934e+05
3.418492146175929058e-02 5.728887693971358240e+05
3.478190651314130161e-02 5.642918998014233075e+05
3.538931695490987739e-02 5.557115378437583568e+05
3.600733484985618044e-02 5.471629775033204351e+05
3.663614544020716429e-02 5.386610710707072867e+05
3.727593720314940212e-02 5.302201562851298368e+05
3.792690190732250083e-02 5.218539910019055242e+05
3.858923467029903159e-02 5.135756958338397089e+05
3.926313401706837264e-02 5.053977049130449304e+05
3.994880193954170045e-02 4.973317246047657100e+05
4.064644395709627461e-02 4.893886996819516062e+05
4.135626917817707832e-02 4.815787861496873666e+05
4.207849036297402895e-02 4.739113296036777901e+05
4.281332398719393806e-02 4.663948477286475827e+05
4.356099030694608049e-02 4.590370153025714681e+05
4.432171342476085713e-02 4.518446498826234601e+05
4.509572135676146593e-02 4.448236962194559164e+05
4.588324610100844719e-02 4.379792073880972457e+05
4.668452370703789905e-02 4.313153206453307648e+05
4.749979434661410344e-02 4.248352261329301400e+05
4.832930238571751802e-02 4.185411267501367838e+05
4.917329645779018599e-02 4.124341878226104309e+05
5.003202953826003940e-02 4.065144756027268595e+05
5.090575902036681422e-02 4.007808841498838738e+05
5.179474679231210049e-02 3.952310507603432052e+05
5.269925931575656503e-02 3.898612608429580578e+05
5.361956770568816755e-02 3.846663439666006016e+05
5.455594781168517093e-02 3.796395637307557045e+05
5.550868030059805114e-02 3.747725051221231697e+05
5.647805074067554360e-02 3.700549641010133200e+05
5.746434968715973673e-02 3.654748452885799343e+05
5.846787276937589345e-02 3.610180747663524235e+05
5.948892077934334055e-02 3.566685361084014294e+05
6.052779976193348871e-02 3.524080387846203521e+05
6.158482110660260661e-02 3.482163289257520810e+05
6.266030164072652897e-02 3.440711530344933271e+05
6.375456372456506093e-02 3.399483854529977543e+05
6.486793534788511117e-02 3.358222301320739207e+05
6.600075022827095461e-02 3.316655063592908555e+05
6.715334791115142032e-02 3.274500264604248805e+05
6.832607387157402234e-02 3.231470709724304033e+05
6.951927961775605791e-02 3.187279633072099532e+05
7.073332279644438392e-02 3.141647414438569685e+05
7.196856730011517989e-02 3.094309187334696180e+05
7.322538337604533876e-02 3.045023195981380995e+05
7.450414773728912532e-02 2.993579689879290527e+05
7.580524367559261789e-02 2.939810072826640098e+05
7.712906117627991998e-02 2.883595953684360720e+05
7.847599703514611391e-02 2.824877684712129994e+05
7.984645497739085995e-02 2.763661926587332273e+05
8.124084577862965284e-02 2.700027754210261628e+05
8.265958738801808259e-02 2.634130820595510886e+05
8.410310505352604216e-02 2.566205132762586290e+05
8.557183144940005981e-02 2.496562066560167295e+05
8.706620680585126781e-02 2.425586356674596318e+05
8.858667904100822610e-02 2.353728939769415592e+05
9.013370389517433301e-02 2.281496694727195718e+05
9.170774506742930543e-02 2.209439302313061780e+05
9.330927435461663921e-02 2.138133622124458489e+05
9.493877179275825307e-02 2.068166140711226326e+05
9.659672580093832395e-02 2.000114165083952539e+05
9.828363332770025107e-02 1.934526507464750903e+05
1.000000000000000056e-01 1.871904422863946820e+05
1.017463402747606355e-01 1.812683521710578934e+05
1.035231775930737785e-01 1.757217295406525373e+05
1.053310445370937015e-01 1.705762782321896229e+05
1.071704829896710370e-01 1.658468791026072868e+05
1.090420442967752618e-01 1.615367014278232236e+05
1.109462894327521848e-01 1.576366335313610907e+05
1.128837891684688344e-01 1.541250659960427438e+05
1.148551242423938024e-01 1.509680699005841743e+05
1.168608855346650877e-01 1.481200247640749731e+05
1.189016742441989932e-01 1.455247612817663176e+05
1.209781020688901337e-01 1.431172857787566318e+05
1.230907913889601885e-01 1.408261393226161599e+05
1.252403754535073022e-01 1.385764085226624447e+05
1.274274985703133523e-01 1.362933443094491086e+05
1.296528162989667443e-01 1.339064616585457406e+05
1.319169956473571770e-01 1.313538958795949584e+05
1.342207152716012042e-01 1.285866946694606449e+05
1.365646656794609615e-01 1.255726492506808281e+05
1.389495494373137463e-01 1.222992334821961122e+05
1.413760813807359851e-01 1.187752442405142938e+05
1.438449888287662848e-01 1.150308283327732934e+05
1.463570118019079658e-01 1.111157364779849740e+05
1.489129032439408806e-01 1.070958445143110876e+05
1.515134292476053024e-01 1.030481941969328327e+05
1.541593692842271879e-01 9.905499221702123759e+04
1.568515164373547877e-01 9.519713038906248403e+04
1.595906776404731053e-01 9.154782911816993146e+04
1.623776739188720897e-01 8.816695789823676751e+04
1.652133406357370049e-01 8.509647153377511131e+04
1.680985277425363633e-01 8.235725755370107072e+04
1.710341000337839701e-01 7.994756203325449314e+04
1.740209374062484937e-01 7.784307830886452575e+04
1.770599351226898044e-01 7.599874881223404373e+04
1.801520040802023770e-01 7.435231426743413613e+04
1.832980710832435578e-01 7.282959254822072398e+04
1.864990791214296284e-01 7.135132703769057116e+04
1.897559876521850430e-01 6.984118780542326567e+04
1.930697728883249698e-01 6.823417144240094058e+04
1.964414280906626731e-01 6.648432226425452973e+04
1.998719638657250608e-01 6.457052237959740160e+04
2.033624084686672384e-01 6.249919243192853901e+04
2.069138081114790251e-01 6.030315937425588345e+04
2.105272272765706942e-01 5.803662205045382143e+04
2.142037490358383034e-01 5.576691183821549930e+04
2.179444753752985686e-01 5.356438437202278874e+04
2.217505275253931762e-01 5.149210606094977993e+04
2.256230462970632844e-01 4.959694851760972961e+04
2.295631924236909704e-01 4.790334974204918399e+04
2.335721469090121238e-01 4.641051000304864283e+04
2.376511113811072828e-01 4.509332028033102688e+04
2.418013084525720557e-01 4.390692671501354926e+04
2.460239820869775107e-01 4.279445068283122964e+04
2.503203979717325556e-01 4.169690845567030919e+04
2.546918438974540289e-01 4.056380211664660601e+04
2.591396301439657379e-01 3.936236305408407497e+04
2.636650898730358294e-01 3.808333161126945197e+04
2.682695795279724793e-01 3.674170575515118981e+04
2.729544792402007203e-01 3.537207458627748565e+04
2.777211932429354824e-01 3.401961439806732960e+04
2.825711502920826845e-01 3.272902010373859957e+04
2.875058040944880045e-01 3.153413243603954106e+04
2.925266337436644992e-01 3.045070000325607907e+04
2.976351441631316375e-01 2.947382016628663041e+04
3.028328665574945844e-01 2.858048148694330666e+04
3.081213588714002416e-01 2.773651112498235307e+04
3.135022062565112067e-01 2.690619884211675162e+04
3.189770215466321557e-01 2.606205384687640981e+04
3.245474457411328673e-01 2.519186715955803811e+04
3.302151484968175454e-01 2.430086247195826581e+04
3.359818286283781097e-01 2.340826325696867571e+04
3.418492146175927116e-01 2.253956936816762391e+04
3.478190651314130299e-01 2.171736194316016554e+04
3.538931695490987739e-01 2.095386657844341607e+04
3.600733484985619848e-01 2.024770794900632973e+04
3.663614544020716290e-01 1.958570721913803209e+04
3.727593720314937853e-01 1.894879265581432628e+04
3.792690190732249667e-01 1.831963747112000419e+04
3.858923467029902743e-01 1.768898325300370925e+04
3.926313401706835737e-01 1.705813153985968893e+04
3.994880193954170600e-01 1.643675984390563099e+04
4.064644395709627878e-01 1.583734842836915777e+04
4.135626917817705750e-01 1.526900531610523649e+04
4.207849036297402479e-01 1.473357242445427255e+04
4.281332398719391308e-01 1.422560709469323228e+04
4.356099030694607910e-01 1.373586996567660572e+04
4.432171342476085574e-01 1.325626210750538667e+04
4.509572135676144233e-01 1.278354508998417077e+04
4.588324610100845136e-01 1.231998883637386461e+04
4.668452370703789489e-01 1.187092093171416673e+04
4.749979434661412703e-01 1.144092388529379787e+04
4.832930238571752080e-01 1.103105301668003995e+04
4.917329645779015546e-01 1.063859377463972305e+04
5.003202953826004773e-01 1.025916805939253754e+04
5.090575902036681422e-01 9.889550626540556550e+03
5.179474679231207412e-01 9.529274239219696028e+03
5.269925931575656364e-01 9.180122988776782222e+03
5.361956770568816477e-01 8.844173331222616980e+03
5.455594781168514595e-01 8.521988837291575692e+03
5.550868030059805669e-01 8.212253147100087517e+03
5.647805074067551168e-01 7.912883934594454331e+03
5.746434968715973257e-01 7.622535272485559290e+03
5.846787276937589484e-01 7.341240885527368846e+03
5.948892077934331279e-01 7.069818145593001645e+03
6.052779976193348732e-01 6.808736450041958051e+03
6.158482110660260522e-01 6.557509934971560142e+03
6.266030164072655673e-01 6.315062199273710576e+03
6.375456372456506093e-01 6.080571464723927420e+03
6.486793534788507509e-01 5.853927803943029176e+03
6.600075022827095461e-01 5.635422680847446827e+03
6.715334791115141755e-01 5.425097595539397844e+03
6.832607387157397794e-01 5.222471303492794505e+03
6.951927961775605791e-01 5.026881452549318055e+03
7.073332279644438669e-01 4.837982953361397449e+03
7.196856730011513825e-01 4.655815965949712336e+03
7.322538337604533876e-01 4.480413326836311171e+03
7.450414773728909479e-01 4.311477447974288225e+03
7.580524367559261512e-01 4.148529679909525839e+03
7.712906117627992275e-01 3.991292040519893362e+03
7.847599703514607228e-01 3.839760098095195190e+03
7.984645497739086828e-01 3.693887173815793176e+03
8.124084577862965562e-01 3.553370578105714230e+03
8.265958738801812977e-01 3.417857814585963297e+03
8.410310505352605048e-01 3.287222813081395543e+03
8.557183144940001540e-01 3.161459093103842406e+03
8.706620680585126504e-01 3.040389710202317474e+03
8.858667904100823165e-01 2.923705362741716272e+03
9.013370389517428860e-01 2.811245610403137562e+03
9.170774506742931376e-01 2.702993934005705796e+03
9.330927435461663366e-01 2.598810108855547696e+03
9.493877179275820311e-01 2.498433399885432664e+03
9.659672580093832117e-01 2.401735982631140814e+03
9.828363332770020389e-01 2.308692908072929640e+03
1.000000000000000000e+00 2.219146941380738554e+03
